150.50 387.00 72.00 
150.25 368.25 72.00
144.00 370.75 72.00
155.00 378.25 72.00
173.50 386.00 72.00
181.00 387.25 72.00
179.50 384.00 72.00
166.00 371.75 72.00
154.25 367.75 72.00
143.25 356.25 73.00
148.50 356.25 73.00
158.75 365.50 73.00
174.25 372.75 73.00
178.25 374.00 73.00
177.25 367.75 73.00
172.50 360.25 73.00
152.50 355.25 73.00
154.00 365.75 74.00
152.75 370.00 74.00
167.00 378.75 74.00
175.25 382.75 74.00
182.25 385.75 74.00
179.25 374.50 74.00
169.00 369.75 74.00
159.25 365.50 74.00
157.00 357.25 75.00
156.25 358.00 75.00
160.00 364.75 75.00
172.75 367.25 75.00
179.75 371.25 75.00
173.75 362.75 75.00
167.50 358.25 75.00
161.50 356.75 75.00
157.50 358.25 76.00
158.00 357.75 76.00
158.00 357.75 76.00
158.75 358.75 76.00
163.00 358.50 76.00
163.25 358.25 76.00
160.25 357.25 76.00
161.50 357.75 76.00
168.00 365.00 76.00